5 0.414021 0.569444 0.020503 0.032407
5 0.435351 0.568618 0.019511 0.032077
19 0.456845 0.567791 0.024140 0.029101
2 0.494874 0.568122 0.021495 0.033730
7 0.515873 0.567130 0.021825 0.032407
7 0.538856 0.566964 0.023479 0.032077
7 0.561012 0.565311 0.021495 0.032077
5 0.137235 0.394345 0.015873 0.022156
3 0.150794 0.394345 0.014550 0.022156
43 0.166005 0.394015 0.017196 0.020172
7 0.188823 0.393353 0.015873 0.022156
2 0.203538 0.393188 0.015542 0.021825
0 0.218585 0.392692 0.015873 0.021495
6 0.233135 0.391700 0.015212 0.020833
10 0.489749 0.567295 0.222884 0.065146
10 0.184028 0.395668 0.153770 0.052579
