16 0.596230 0.547619 0.013889 0.022487
23 0.610284 0.545800 0.013558 0.022156
22 0.624173 0.543816 0.015542 0.020172
21 0.646495 0.540840 0.014550 0.021495
15 0.658896 0.539021 0.010251 0.021164
18 0.671627 0.537037 0.012566 0.021825
23 0.684854 0.535218 0.012566 0.021495
29 0.849041 0.349206 0.004299 0.008598
27 0.853175 0.349041 0.003968 0.008267
20 0.857308 0.349041 0.004299 0.008267
41 0.862103 0.348876 0.005291 0.007275
16 0.867063 0.348710 0.004630 0.008267
23 0.871032 0.348380 0.003968 0.008929
24 0.875331 0.348049 0.003968 0.007606
16 0.878803 0.348214 0.003638 0.008598
