23 0.515046 0.609127 0.016204 0.022487
21 0.530589 0.606481 0.014220 0.023810
35 0.544974 0.605324 0.015212 0.020833
23 0.568948 0.601521 0.014881 0.022487
18 0.583499 0.599868 0.014220 0.021825
24 0.598214 0.597222 0.014550 0.022487
24 0.611442 0.595403 0.011905 0.022156
24 0.696759 0.345073 0.003307 0.005622
23 0.700231 0.345238 0.002976 0.005291
19 0.703538 0.345073 0.003638 0.004960
20 0.708829 0.344907 0.002976 0.005291
29 0.711806 0.345073 0.002976 0.005622
23 0.714782 0.344907 0.002976 0.005291
23 0.717758 0.344742 0.002976 0.004960
15 0.798446 0.336144 0.002315 0.004960
29 0.801091 0.336144 0.002315 0.004960
37 0.803406 0.336144 0.002976 0.004960
23 0.807540 0.335979 0.002646 0.004630
27 0.810185 0.335648 0.002646 0.004630
18 0.812665 0.335648 0.002315 0.004630
20 0.815311 0.335813 0.002315 0.004960
