15 0.411872 0.472553 0.006283 0.011243
29 0.418816 0.472388 0.006944 0.010913
43 0.425761 0.471892 0.006944 0.009921
15 0.436343 0.471065 0.005622 0.011574
20 0.442956 0.470734 0.006283 0.011574
18 0.448909 0.469907 0.006283 0.010582
25 0.455192 0.469742 0.005622 0.010251
23 0.673115 0.455688 0.005622 0.009259
27 0.678241 0.455357 0.004630 0.009259
44 0.683201 0.455192 0.005291 0.008267
27 0.690476 0.454530 0.004630 0.008929
18 0.695106 0.454034 0.004630 0.008598
15 0.699405 0.453538 0.003968 0.008929
18 0.703704 0.453373 0.004630 0.009259
