15 0.490575 0.483796 0.010251 0.017857
15 0.500992 0.484292 0.009259 0.016865
42 0.511078 0.484127 0.010251 0.015873
24 0.527612 0.483962 0.010913 0.016204
18 0.537202 0.484292 0.009590 0.016204
15 0.546958 0.484623 0.009921 0.016865
20 0.557044 0.484623 0.010251 0.017526
15 0.788029 0.556052 0.006614 0.013558
23 0.794312 0.555721 0.006614 0.012897
31 0.800761 0.556217 0.006944 0.011905
16 0.811012 0.555556 0.006944 0.012566
20 0.817626 0.555721 0.006283 0.012235
16 0.823578 0.555721 0.006283 0.012235
20 0.829696 0.555721 0.006614 0.012235
